# n. Master Edge Nodes (per edge)
51
# --- Master Edge Nodes ---
# x-axis
2	3	7903	7904	7905	7906	7907	7908
7909	7910	7911	7912	7913	7914	7915	7916
7917	7918	7919	7920	7921	7922	7923	7924
7925	7926	7927	7928	7929	7930	7931	7932
7933	7934	7935	7936	7937	7938	7939	7940
7941	7942	7943	7944	7945	7946	7947	7948
7949	7950	7951						
# y-axis
1	2	7952	7953	7954	7955	7956	7957
7958	7959	7960	7961	7962	7963	7964	7965
7966	7967	7968	7969	7970	7971	7972	7973
7974	7975	7976	7977	7978	7979	7980	7981
7982	7983	7984	7985	7986	7987	7988	7989
7990	7991	7992	7993	7994	7995	7996	7997
7998	7999	8000								
# z-axis (only 3D, otherwise set 0)
0
# --- Slave Edge Nodes ---
# x-axis
1	4	7805	7806	7807	7808	7809	7810
7811	7812	7813	7814	7815	7816	7817	7818
7819	7820	7821	7822	7823	7824	7825	7826
7827	7828	7829	7830	7831	7832	7833	7834
7835	7836	7837	7838	7839	7840	7841	7842
7843	7844	7845	7846	7847	7848	7849	7850
7851	7852	7853									
# y-axis
3	4	7854	7855	7856	7857	7858	7859
7860	7861	7862	7863	7864	7865	7866	7867
7868	7869	7870	7871	7872	7873	7874	7875
7876	7877	7878	7879	7880	7881	7882	7883
7884	7885	7886	7887	7888	7889	7890	7891
7892	7893	7894	7895	7896	7897	7898	7899
7900	7901	7902									
# z-axis (only 3D, otherwise set 0)
0
